6.446050 0.152226 0.152116 0.015426 0.007002 0.002755 0.000532 
6.579000 0.152965 0.152875 0.015531 0.007927 0.003024 0.000552 
6.678720 0.153706 0.153629 0.015658 0.008269 0.003214 0.000574 
6.778450 0.154013 0.153940 0.015683 0.008343 0.003295 0.000589 
6.911410 0.154753 0.154690 0.015742 0.008530 0.003450 0.000621 
7.044370 0.156478 0.156417 0.015921 0.008565 0.003714 0.000619 
7.210560 0.159810 0.159775 0.016250 0.009020 0.003948 0.000677 
7.376770 0.166078 0.166064 0.016846 0.009534 0.004232 0.000846 
7.576220 0.176498 0.176466 0.017965 0.010439 0.004377 0.000772 
7.842190 0.214398 0.214348 0.021792 0.011315 0.004623 0.001168 
8.074850 0.262895 0.262857 0.026655 0.011876 0.004324 0.001199 
8.307480 0.317920 0.317841 0.032370 0.014143 0.006395 0.001682 
8.540190 0.341325 0.341237 0.034727 0.014851 0.007303 0.002328 
8.806140 0.373695 0.373604 0.038006 0.014932 0.007870 0.002472 
9.072250 0.465692 0.465647 0.047181 0.020746 0.009405 0.002134 
9.271670 0.481362 0.481335 0.048793 0.021231 0.009941 0.002146 
9.504340 0.774932 0.774770 0.078542 0.024776 0.010689 0.004245 
9.703780 1.120972 1.120582 0.113673 0.025191 0.011113 0.006307 
9.869980 1.531044 1.530091 0.154939 0.028837 0.012543 0.007786 
10.036170 1.531670 1.530760 0.155004 0.028539 0.012566 0.007847 
10.235560 1.557621 1.556670 0.157638 0.028586 0.012949 0.007938 
10.468150 1.766856 1.765804 0.178977 0.028076 0.015109 0.008466 
10.700700 1.771173 1.770156 0.179537 0.029011 0.015300 0.008385 
10.966510 1.983590 1.982044 0.201161 0.044314 0.016652 0.008876 
11.232320 1.992184 1.990676 0.201686 0.044826 0.016890 0.009151 
11.531380 2.004402 2.002946 0.202933 0.046299 0.018072 0.009674 
11.797190 2.016575 2.015141 0.204163 0.047866 0.019695 0.010285 
12.062980 2.025057 2.023628 0.204998 0.049156 0.021113 0.010585 
12.328770 2.033489 2.032079 0.205827 0.050007 0.022973 0.010917 
12.594580 2.066499 2.065361 0.209195 0.059877 0.030113 0.011339 
12.860410 2.074750 2.073645 0.210066 0.060205 0.032181 0.011860 
13.092970 2.081046 2.079973 0.210714 0.060972 0.034018 0.012271 
13.325580 2.084718 2.083668 0.211102 0.061328 0.035230 0.012614 
13.591400 2.090201 2.089197 0.211670 0.062105 0.037160 0.012955 
13.757540 2.092852 2.091868 0.211917 0.062348 0.037985 0.013130 
13.890430 2.093109 2.092121 0.211932 0.062359 0.038064 0.013148 
14.023330 2.093234 2.092249 0.211946 0.062389 0.038130 0.013174 
14.189480 2.115291 2.114541 0.214783 0.069840 0.045311 0.014546 
14.322390 2.115536 2.114791 0.214842 0.070114 0.045396 0.014619 
14.455340 2.115666 2.114917 0.214829 0.070103 0.045413 0.014652 
14.621460 2.115915 2.115169 0.214831 0.070165 0.045464 0.014617 
14.754370 2.116164 2.115419 0.214874 0.070282 0.045517 0.014598 
14.987000 2.116888 2.116152 0.214949 0.070351 0.045719 0.014661 
15.186360 2.119174 2.118456 0.215080 0.071210 0.046353 0.014738 
15.385690 2.131262 2.130643 0.216726 0.071485 0.049909 0.015926 
15.751250 2.132680 2.132071 0.216691 0.072396 0.050255 0.016194 
15.950660 2.133763 2.133172 0.216778 0.072988 0.050754 0.016354 
16.116840 2.133772 2.133181 0.216768 0.072900 0.050741 0.016351 
16.283000 2.134368 2.133791 0.216883 0.072765 0.051326 0.016543 
16.415950 2.134386 2.133808 0.216889 0.072808 0.051344 0.016563 
16.681840 2.142756 2.142412 0.218938 0.071239 0.059357 0.019016 
16.814780 2.142881 2.142537 0.218921 0.071247 0.059482 0.019053 
17.047420 2.144302 2.143997 0.219235 0.071142 0.060790 0.019292 
17.180340 2.144426 2.144123 0.219265 0.070840 0.060859 0.019251 
17.313280 2.144548 2.144247 0.219292 0.070879 0.060963 0.019274 
17.446200 2.168106 2.167738 0.223154 0.076951 0.069636 0.019731 
17.645620 2.168538 2.168173 0.223113 0.077137 0.069863 0.019956 
17.845080 2.169951 2.169587 0.223061 0.077556 0.070583 0.019806 
18.077740 2.172193 2.171865 0.222909 0.078088 0.072624 0.020105 
18.310390 2.175742 2.175400 0.223133 0.078792 0.072952 0.019695 
18.576290 2.181060 2.180699 0.223534 0.079374 0.073156 0.018735 
18.808980 2.186357 2.185941 0.224494 0.079357 0.075322 0.018989 
19.041670 2.206507 2.206030 0.225068 0.086417 0.077542 0.020483 
19.307590 2.211733 2.211266 0.225770 0.086848 0.078183 0.021354 
19.573510 2.219482 2.219034 0.226468 0.088894 0.078048 0.022279 
19.872690 2.230535 2.230046 0.227420 0.091013 0.077557 0.021512 
20.171830 2.274504 2.273715 0.231626 0.097667 0.080544 0.018890 
20.404530 2.281808 2.280974 0.232417 0.098476 0.081305 0.019541 
20.670440 2.359279 2.358160 0.240958 0.100493 0.093099 0.020220 
20.936340 2.560695 2.558567 0.259481 0.129985 0.096433 0.017968 
21.202170 2.567390 2.565222 0.260153 0.129936 0.097487 0.017775 
21.534540 2.662674 2.660320 0.269898 0.132583 0.101951 0.018158 
21.800400 2.675389 2.673053 0.271210 0.134268 0.104657 0.019718 
22.033050 2.679700 2.677359 0.271643 0.134881 0.104136 0.020233 
22.298930 2.684015 2.681672 0.272079 0.135526 0.104073 0.019987 
22.564830 2.690418 2.688058 0.272671 0.136920 0.103262 0.019002 
22.930480 2.707395 2.704980 0.274296 0.139175 0.103436 0.019633 
23.362560 2.720802 2.718285 0.275519 0.142026 0.106112 0.018806 
23.595240 2.720813 2.718295 0.275521 0.141669 0.106085 0.019090 
23.761420 2.720873 2.718354 0.275526 0.141643 0.106014 0.019121 
23.960820 2.721064 2.718541 0.275544 0.141683 0.106126 0.019136 
24.226770 2.722036 2.719492 0.275641 0.141945 0.106384 0.019190 
