6.446050 -2.218564 -9.512790 -0.906047 3.547494 1.535257 -9.016339 
6.579000 -2.012064 -9.591694 -0.432580 3.037003 1.577976 -9.193624 
6.678720 -2.014592 -9.549987 0.987567 2.509547 1.608058 -9.346252 
6.778450 -2.011617 -9.502940 1.372457 2.565626 1.534807 -9.343342 
6.911410 -2.037515 -9.438718 1.730680 2.802247 1.365133 -9.301609 
7.044370 0.128429 -8.501218 -4.893762 2.754689 1.741022 -9.252926 
7.210560 0.208365 -8.649242 -4.624209 3.648461 1.563037 -8.971163 
7.376770 -3.908715 -7.275589 5.293756 4.610924 0.617538 -8.636789 
7.576220 0.695477 -8.373520 -5.063259 5.180619 1.391762 -8.213422 
7.842190 -3.711782 7.591588 4.982627 5.803730 3.516563 -7.084251 
8.074850 3.597107 8.801552 -2.414461 8.325362 2.095291 -4.747020 
8.307480 -6.766880 -6.347160 3.187317 7.976408 0.124661 -5.709422 
8.540190 -5.594938 -5.700028 5.695827 5.967193 -0.392271 -7.776557 
8.806140 -5.852676 1.299640 7.764871 5.869114 4.432076 -6.492019 
9.072250 2.783893 7.751387 -5.329357 5.638178 2.504432 -7.627246 
9.271670 2.997113 -5.118587 -7.813673 5.123111 1.781999 -8.174003 
9.504340 -3.209132 7.375647 5.615819 4.827603 5.557793 -6.483926 
9.703780 5.106573 -1.287827 -8.276505 6.159225 0.876601 -7.584960 
9.869980 3.647010 1.291907 -9.014789 4.756209 1.704024 -8.408977 
10.036170 3.687227 0.938485 -9.042108 4.789534 1.548331 -8.420163 
10.235560 2.957414 0.147592 -9.352434 4.139625 1.352245 -8.790395 
10.468150 2.276364 -5.274734 -7.951821 3.247879 -0.344616 -9.250331 
10.700700 1.983444 -4.861088 -8.286850 2.818838 -0.112650 -9.395615 
10.966510 2.617049 -3.897621 -8.613693 2.896189 0.176487 -9.371075 
11.232320 3.273134 -4.591698 -8.027391 3.737785 0.009191 -9.070004 
11.531380 2.920286 -5.366396 -7.675273 3.763674 -0.058765 -9.059106 
11.797190 2.518683 -6.313271 -7.073539 3.813437 -0.147355 -9.037262 
12.062980 2.348213 -6.859414 -6.608362 3.935597 -0.075738 -8.985624 
12.328770 2.125825 -7.615489 -5.807005 4.088753 -0.025733 -8.917261 
12.594580 1.094121 -8.896832 -3.985646 5.150283 0.043637 -8.349178 
12.860410 0.442580 -9.362005 -2.897081 5.284206 0.003377 -8.265184 
13.092970 -0.075586 -9.584292 -2.090871 5.315639 -0.023865 -8.244969 
13.325580 -0.405291 -9.672258 -1.587220 5.357374 -0.064331 -8.217695 
13.591400 -0.827244 -9.722868 -1.008770 5.407370 -0.065311 -8.184876 
13.757540 -1.054270 -9.728834 -0.688774 5.343164 -0.064287 -8.226941 
13.890430 -1.064883 -9.730214 -0.651975 5.295747 -0.052887 -8.257626 
14.023330 -1.098471 -9.730068 -0.596016 5.289881 -0.053548 -8.261380 
14.189480 -0.600903 -9.787209 0.292519 3.120146 -0.349530 -9.294010 
14.322390 -0.597665 -9.786661 0.316499 3.078502 -0.358754 -9.307536 
14.455340 -0.626860 -9.784291 0.332859 3.119314 -0.364310 -9.293721 
14.621460 -0.648879 -9.782553 0.341638 3.157370 -0.347993 -9.281488 
14.754370 -0.642636 -9.782798 0.346390 3.136524 -0.337042 -9.288958 
14.987000 -0.657104 -9.779474 0.407672 3.126093 -0.343804 -9.292225 
15.186360 -0.800686 -9.762165 0.543263 3.296936 -0.333542 -9.233367 
15.385690 -1.145440 -9.509409 2.120196 2.802874 -0.284548 -9.396756 
15.751250 -1.376584 -9.469187 2.162321 3.069038 -0.349024 -9.311030 
15.950660 -1.433367 -9.444684 2.231479 3.098356 -0.372968 -9.300386 
16.116840 -1.426531 -9.452887 2.200920 3.105753 -0.377284 -9.297745 
16.283000 -1.452137 -9.391056 2.436284 3.024432 -0.376767 -9.324536 
16.415950 -1.447302 -9.394713 2.425035 3.019595 -0.378077 -9.326051 
16.681840 -1.086648 -8.470885 4.826945 1.669926 -0.381330 -9.659298 
16.814780 -1.122518 -8.449800 4.855608 1.701725 -0.378828 -9.653845 
17.047420 -1.077600 -8.197378 5.279950 1.546354 -0.348457 -9.681088 
17.180340 -1.072060 -8.176636 5.313137 1.531427 -0.335760 -9.683909 
17.313280 -1.069474 -8.164943 5.331607 1.523831 -0.337817 -9.685036 
17.446200 -0.433280 -3.151546 9.279878 0.422212 0.104981 -9.800348 
17.645620 -0.524612 -3.325715 9.214148 0.511255 0.064044 -9.796460 
17.845080 -0.699622 -2.993089 9.316010 0.682307 0.097533 -9.785758 
18.077740 -1.103029 -3.297860 9.172979 1.078648 0.038038 -9.750444 
18.310390 -1.275845 -3.031343 9.242255 1.254955 0.104283 -9.728840 
18.576290 -1.417950 -2.368662 9.413552 1.398409 0.281081 -9.705749 
18.808980 -0.883305 -2.376726 9.476658 0.878845 0.276870 -9.766631 
19.041670 -2.754014 -3.167573 8.866679 2.689330 0.031328 -9.434120 
19.307590 -2.648708 -3.695561 8.692715 2.588266 -0.085727 -9.462010 
19.573510 -2.856420 -3.902860 8.534908 2.780556 -0.194151 -9.405686 
19.872690 -3.222170 -3.079733 8.738935 3.108464 -0.062963 -9.304278 
20.171830 -3.883837 -0.786158 8.974067 3.852575 0.413050 -9.012389 
20.404530 -3.897273 -0.964365 8.950831 3.844768 0.331566 -9.019087 
20.670440 -3.001654 -1.004307 9.285341 2.969674 0.432323 -9.339713 
20.936340 -6.623782 2.223909 6.885917 7.256334 0.536632 -6.579799 
21.202170 -6.599202 2.315542 6.879310 7.263838 0.564589 -6.569170 
21.534540 -6.300693 2.967535 6.908771 7.233507 0.721824 -6.587219 
21.800400 -5.394447 4.583542 6.791700 7.083134 0.664847 -6.754502 
22.033050 -5.553170 4.405319 6.781709 7.148476 0.576839 -6.693479 
22.298930 -5.639831 4.332995 6.756743 7.212306 0.597996 -6.622776 
22.564830 -5.702669 4.512672 6.584183 7.413857 0.672195 -6.388975 
22.930480 -5.646554 4.882282 6.365207 7.610103 0.570726 -6.164148 
23.362560 -5.835674 4.957107 6.132544 7.902718 0.648858 -5.775997 
23.595240 -5.805992 4.984992 6.138113 7.885142 0.613306 -5.803835 
23.761420 -5.807261 4.983602 6.138040 7.884955 0.603530 -5.805114 
23.960820 -5.796508 4.997091 6.137237 7.883139 0.602862 -5.807648 
24.226770 -5.745137 5.083522 6.114516 7.892815 0.599050 -5.794887 
