6.446050 -2.009718 -0.016397 
6.579000 -2.022375 -0.012893 
6.678720 -2.077819 -0.008799 
6.778450 -2.048924 -0.009097 
6.911410 -2.068654 -0.011960 
7.044370 -2.124124 -0.011606 
7.210560 -2.538352 -0.017031 
7.376770 -1.973106 -0.023079 
7.576220 -2.882006 -0.026463 
7.842190 -1.617168 -0.026081 
8.074850 -1.746444 -0.024407 
8.307480 -1.302257 -0.022255 
8.540190 -0.871794 -0.007482 
8.806140 -0.169862 -0.011728 
9.072250 -2.598410 -0.007049 
9.271670 -2.978650 -0.013772 
9.504340 -0.539714 -0.014154 
9.703780 -2.583105 -0.005835 
9.869980 -2.310988 -0.012226 
10.036170 -2.254097 -0.013474 
10.235560 -2.343650 -0.011016 
10.468150 -1.972538 -0.008804 
10.700700 -1.757484 -0.005864 
10.966510 -1.327824 -0.008411 
11.232320 -1.351357 -0.013703 
11.531380 -1.415353 -0.013714 
11.797190 -1.455449 -0.013674 
12.062980 -1.512069 -0.013848 
12.328770 -1.510422 -0.014309 
12.594580 -2.152620 -0.020098 
12.860410 -2.071474 -0.020801 
13.092970 -2.016894 -0.020912 
13.325580 -1.966459 -0.021178 
13.591400 -1.995147 -0.021685 
13.757540 -1.974394 -0.021302 
13.890430 -1.969727 -0.020949 
14.023330 -1.955111 -0.020938 
14.189480 -1.926874 -0.011826 
14.322390 -1.908541 -0.011573 
14.455340 -1.899626 -0.011765 
14.621460 -1.913270 -0.011930 
14.754370 -1.920420 -0.011787 
14.987000 -1.909769 -0.011645 
15.186360 -1.913295 -0.012104 
15.385690 -1.665511 -0.009784 
15.751250 -1.614348 -0.010746 
15.950660 -1.588829 -0.010873 
16.116840 -1.594458 -0.010914 
16.283000 -1.551732 -0.010759 
16.415950 -1.550071 -0.010734 
16.681840 -1.116417 -0.007120 
16.814780 -1.112863 -0.007330 
17.047420 -1.052809 -0.007132 
17.180340 -1.067940 -0.007043 
17.313280 -1.064435 -0.007008 
17.446200 -0.661103 -0.004270 
17.645620 -0.660575 -0.004621 
17.845080 -0.625991 -0.005241 
18.077740 -0.658580 -0.006788 
18.310390 -0.780651 -0.007174 
18.576290 -0.948739 -0.007243 
18.808980 -0.878101 -0.003003 
19.041670 -0.877671 -0.008778 
19.307590 -0.751263 -0.008415 
19.573510 -0.597932 -0.008799 
19.872690 -0.652096 -0.009521 
20.171830 -1.129216 -0.010417 
20.404530 -1.041679 -0.010466 
20.670440 -1.156086 -0.000830 
20.936340 -2.368533 -0.017828 
21.202170 -2.441219 -0.018358 
21.534540 -2.699522 -0.016442 
21.800400 -1.994602 -0.012393 
22.033050 -1.890708 -0.013330 
22.298930 -1.915403 -0.014834 
22.564830 -2.139612 -0.016423 
22.930480 -1.975460 -0.013690 
23.362560 -2.368933 -0.014821 
23.595240 -2.314263 -0.014567 
23.761420 -2.310686 -0.014581 
23.960820 -2.308275 -0.014565 
24.226770 -2.315205 -0.014735 
