18446744072.064346 1088040326206389747712.000000 1085196091935472746496.000000 110539005674274160640.000000 102297198453860597760.000000 65449463184296509440.000000 5497315840.000000 
18446744072.214348 1087992264354116403200.000000 1085182088555381391360.000000 110538988082088116224.000000 102444779302587203584.000000 66241819641783517184.000000 5495580672.000000 
18446744072.464348 1088249251007853232128.000000 1085281097378439364608.000000 110538979285995094016.000000 101391165688201084928.000000 61875993219419865088.000000 5495047680.000000 
18446744072.614346 1088221244247670521856.000000 1085300167308111511552.000000 110539005674274160640.000000 101186990776969592832.000000 62368767942710001664.000000 5484242432.000000 
18446744072.764347 1088279650305337982976.000000 1085318463181597704192.000000 110538996878181138432.000000 100989967089365155840.000000 61338516751390867456.000000 5484360704.000000 
18446744072.964348 1088297242491382398976.000000 1085347736579175612416.000000 110538996878181138432.000000 100675445191170064384.000000 61027288990032592896.000000 5485700608.000000 
18446744073.264347 1088103306232428756992.000000 1085288063884112953344.000000 110538979285995094016.000000 101315959092861206528.000000 64392590617445662720.000000 5488041984.000000 
18446744073.564346 1088135394379773771776.000000 1085302067264204308480.000000 110538988082088116224.000000 101166240793530204160.000000 63848943690161586176.000000 5489138176.000000 
0.104793 1089116264304866230272.000000 1085697328500250247168.000000 110538996878181138432.000000 96832097898232545280.000000 44056423772333277184.000000 5488457728.000000 
0.404793 1089169955656673787904.000000 1085730753653734637568.000000 110538979285995094016.000000 96456847773812129792.000000 42707305412866080768.000000 5489916416.000000 
0.704793 1089223717377225523200.000000 1085766782450753601536.000000 110538988082088116224.000000 96051400662046474240.000000 41314404500380844032.000000 5486621696.000000 
0.904793 1089235961538712436736.000000 1085774452643868966912.000000 110538970489902071808.000000 95964548039545192448.000000 40990193705721790464.000000 5488439808.000000 
1.204793 1089268331161034162176.000000 1085788104180239433728.000000 110538988082088116224.000000 95809261813331132416.000000 40119376098476687360.000000 5481090048.000000 
1.604793 1089363469703162363904.000000 1085861287674184204288.000000 110538988082088116224.000000 94976113474453635072.000000 37450544718515535872.000000 5469574656.000000 
1.904793 1089389154294787211264.000000 1085875924372973158400.000000 110538970489902071808.000000 94808363184427106304.000000 36692635960326750208.000000 5468034560.000000 
18446744071.569378 1232418623016725905408.000000 1229161957536183615488.000000 125157531735044390912.000000 110936492321854717952.000000 65501351337034514432.000000 5904229376.000000 
18446744071.919380 1397823874643534020608.000000 1395482847262231494656.000000 142059954552937906176.000000 122281860227666018304.000000 91724268252887515136.000000 7276330496.000000 
18446744072.169380 1397433891063301406720.000000 1395544349544642772992.000000 142059954552937906176.000000 121576325606354714624.000000 97484873553596645376.000000 7284533248.000000 
18446744072.469379 1397600242774537404416.000000 1395506209685298479104.000000 142059945756844883968.000000 122013368284256141312.000000 95069677515930861568.000000 7292777984.000000 
18446744073.069378 1397184504233935765504.000000 1395625977287888863232.000000 142059954552937906176.000000 120635759379490013184.000000 100997936349643276288.000000 7296027648.000000 
18446744073.469379 1396993804937214296064.000000 1395688183257741918208.000000 142059963349030928384.000000 119914154296227135488.000000 103599952607007735808.000000 7303313920.000000 
0.309826 1397760261298797412352.000000 1395554341906316001280.000000 142059945756844883968.000000 121461615757252100096.000000 92688513562168000512.000000 7298519552.000000 
0.309826 1397734365600940032000.000000 1395562786155617320960.000000 142059963349030928384.000000 121365975837821632512.000000 93079394343888879616.000000 7298267648.000000 
0.659826 1397740980262892732416.000000 1395565882380361138176.000000 142059954552937906176.000000 121328979470570225664.000000 92980807733295972352.000000 7296743936.000000 
1.059826 1397794601245956112384.000000 1395564475005477584896.000000 142059972145123950592.000000 121346079075405398016.000000 92168022349764886528.000000 7294616064.000000 
1.259826 1397621916347744124928.000000 1395586007841195950080.000000 142059954552937906176.000000 121097510282690822144.000000 94752288091410530304.000000 7293952000.000000 
1.559826 1397632471659370774528.000000 1395586007841195950080.000000 142059954552937906176.000000 121097818145946599424.000000 94595902353568694272.000000 7294794240.000000 
1.559826 1397659493257134997504.000000 1395587133741102792704.000000 142059963349030928384.000000 121084272162692399104.000000 94194950045337387008.000000 7295000064.000000 
1.859826 1397566184302355415040.000000 1395603459289752010752.000000 142059945756844883968.000000 120896097344668303360.000000 95570931672894406656.000000 7295632896.000000 
18446744071.674412 1511613230203560525824.000000 1510339274458968096768.000000 153709368210154848256.000000 127401344696265474048.000000 111270620711396311040.000000 7306799616.000000 
18446744072.024410 1648851984598375071744.000000 1647795186798314913792.000000 167759332410155597824.000000 145964346731449548800.000000 133499192203446059008.000000 7358565888.000000 
18446744072.624413 1648865636134745538560.000000 1647825867570776375296.000000 167759332410155597824.000000 145618053345258242048.000000 133328891046443089920.000000 7357532160.000000 
18446744072.624413 1648880554308511203328.000000 1647836985832356446208.000000 167759314817969553408.000000 145491917371319779328.000000 133145149459302187008.000000 7359712768.000000 
18446744073.224411 1648869576784419487744.000000 1647825304620822953984.000000 167759332410155597824.000000 145624087465071476736.000000 133280697252774412288.000000 7360089088.000000 
18446744073.224411 1648835659049725853696.000000 1647801801460267614208.000000 167759350002341642240.000000 145889676697784025088.000000 133697526508910804992.000000 7361164800.000000 
0.064859 1648863243597443497984.000000 1647832763707705786368.000000 167759314817969553408.000000 145540762075872100352.000000 133359650983741751296.000000 7359770112.000000 
0.364859 1647281917178283032576.000000 1647108106380164202496.000000 167759332410155597824.000000 153522943814642171904.000000 151648443615051513856.000000 7386589184.000000 
0.864859 1647525674508114460672.000000 1647262636142378352640.000000 167759314817969553408.000000 151854465705817669632.000000 148974747995649081344.000000 7380297216.000000 
0.864859 1647371989170830442496.000000 1647143009277276323840.000000 167759332410155597824.000000 153148265436268199936.000000 150665779286982524928.000000 7382752768.000000 
1.414859 1647338212173625163776.000000 1647121757916534669312.000000 167759314817969553408.000000 153376752748613074944.000000 151033455975310819328.000000 7382561792.000000 
1.864859 1647202541234850627584.000000 1647018597337570213888.000000 167759314817969553408.000000 154480398540109512704.000000 152506696003414392832.000000 7386769920.000000 
18446744071.679443 1846099374440552857600.000000 1842073578586148700160.000000 187713058324801912832.000000 181642118066176262144.000000 134709033225999613952.000000 7846382080.000000 
18446744072.529446 2151239219080668905472.000000 2145926238157766918144.000000 218699248728180523008.000000 213873342660290281472.000000 151365702000945659904.000000 9835222016.000000 
18446744072.829445 2151261596341317402624.000000 2146153388463972417536.000000 218699266320366567424.000000 211583473356004917248.000000 151048514886564839424.000000 9833759744.000000 
18446744072.829445 2151261033391363981312.000000 2146346480297995927552.000000 218699266320366567424.000000 209614045720518590464.000000 151055358246936117248.000000 9835745280.000000 
18446744073.279446 2151266662890898194432.000000 2146294970377257877504.000000 218699248728180523008.000000 210139823384828051456.000000 150974469375503892480.000000 9837853696.000000 
0.269892 2155890030120859074560.000000 2155242919149401276416.000000 218699266320366567424.000000 75295699762193367040.000000 53671793694722752512.000000 9981153280.000000 
0.619891 2154597497027803742208.000000 2148376618567521533952.000000 218699266320366567424.000000 187669341742481539072.000000 91928337611002740736.000000 9922973696.000000 
0.919891 2149901509253851512832.000000 2147495883365393891328.000000 218699266320366567424.000000 197494260988939075584.000000 169307392005506072576.000000 9973029888.000000 
0.919891 2151799354284323110912.000000 2150999824612976492544.000000 218699266320366567424.000000 154733673242590969856.000000 143183030913920401408.000000 9913278464.000000 
1.319891 2150081371763969622016.000000 2146136359227881422848.000000 218699266320366567424.000000 211758480422774767616.000000 167009940469035565056.000000 9887582208.000000 
2.019891 2150100089849920880640.000000 2147043130865354801152.000000 218699248728180523008.000000 202354366266499661824.000000 166767748843762089984.000000 9974219776.000000 
18446744071.934479 2484654773243742257152.000000 2483923782729224683520.000000 252777019538260623360.000000 207708794379722293248.000000 198774778618926071808.000000 11698066432.000000 
18446744072.784477 2676958195857485725696.000000 2676269989539428171776.000000 272294828674912354304.000000 217021429168566435840.000000 208359423788388974592.000000 12760814592.000000 
18446744073.234478 2676985780405203369984.000000 2676303485061656739840.000000 272294828674912354304.000000 216610774769731633152.000000 208007404145640210432.000000 12744734720.000000 
0.074924 2675953048715651973120.000000 2674201711410558271488.000000 272294811082726309888.000000 241173583059270762496.000000 220897673849407012864.000000 12786373632.000000 
0.524924 2675860724923290877952.000000 2673972872254492508160.000000 272294828674912354304.000000 243700858914225520640.000000 222012807338390454272.000000 12794645504.000000 
1.024924 2675762771631395569664.000000 2673206978842862813184.000000 272294846267098398720.000000 251960443038636965888.000000 223191431026808193024.000000 12824925184.000000 
1.574924 2675745601657816219648.000000 2673631724582719193088.000000 272294846267098398720.000000 247411350018155610112.000000 223395605938039685120.000000 12808554496.000000 
2.074924 2675651870490571571200.000000 2673611458384396025856.000000 272294811082726309888.000000 247635368915245203456.000000 224517178167115382784.000000 12805636096.000000 
18446744071.789509 2705900015912828796928.000000 2704098013111927177216.000000 275467016478069358592.000000 257551626791645347840.000000 237873271365152276480.000000 12804434944.000000 
18446744072.489510 2784599293501221371904.000000 2783181785518506508288.000000 283546650131432472576.000000 267501257044971749376.000000 252316667213850345472.000000 12912082944.000000 
18446744072.839508 2784535680156484763648.000000 2783134497722419118080.000000 283546632539246428160.000000 267989545760820559872.000000 253017557498045923328.000000 12916369408.000000 
18446744073.289509 2784449548813611302912.000000 2783064410453218164736.000000 283546614947060383744.000000 268719938141012623360.000000 253966655935142166528.000000 12929460224.000000 
0.229957 2784360602720970735616.000000 2783017122657130774528.000000 283546650131432472576.000000 269206221347652370432.000000 254936706665817309184.000000 12925234176.000000 
0.479957 2784324292448975060992.000000 2782984471559832338432.000000 283546650131432472576.000000 269543498738495913984.000000 255332231784653914112.000000 12926942208.000000 
0.829957 2784140207814206291968.000000 2782865126169707020288.000000 283546632539246428160.000000 270771556469698461696.000000 257332991103485345792.000000 12933188608.000000 
1.729957 2784126415540347469824.000000 2782851333895848198144.000000 283546650131432472576.000000 270917096624843915264.000000 257484020020676657152.000000 12934702080.000000 
1.729957 2783933605181300670464.000000 2782742121604884463616.000000 283546667723618516992.000000 272033426382478376960.000000 259560777583219965952.000000 12939842560.000000 
18446744072.144543 2954024711482899431424.000000 2953563373996070666240.000000 301076436691948929024.000000 301039950498092810240.000000 296481850278356713472.000000 12474913792.000000 
18446744072.144543 3090637465529509478400.000000 3090532475363196403712.000000 315032177143495786496.000000 314372188691853475840.000000 313338260733651058688.000000 14033872896.000000 
18446744072.794544 3090614103106442493952.000000 3090536697487847063552.000000 315032141959123697664.000000 314333837726276648960.000000 313571040539390771200.000000 14039000064.000000 
18446744073.344543 3090610443931745255424.000000 3090515868339570475008.000000 315032106774751608832.000000 314537590425043075072.000000 313605169380316938240.000000 14047341568.000000 
0.234990 3153581744246476505088.000000 3153406103861009055744.000000 321445056722266750976.000000 321153800490115399680.000000 319422764567716954112.000000 14708792320.000000 
0.784990 3153638602191772057600.000000 3153398504036637868032.000000 321445091906638839808.000000 321229200599501766656.000000 318863227498388258816.000000 14710819840.000000 
1.934990 3153671816239023915008.000000 3153392874537103654912.000000 321445056722266750976.000000 321282680845076791296.000000 318532353663264882688.000000 14716832768.000000 
18446744071.699577 3295652579566482882560.000000 3295624432068811816960.000000 335933875595331502080.000000 334823140152859164672.000000 334545887300799168512.000000 15141942272.000000 
18446744072.349575 3345648727879783022592.000000 3345509397766311247872.000000 341023506124213583872.000000 340352540148479557632.000000 338979188552736178176.000000 15263565824.000000 
18446744073.249577 3345639157730574860288.000000 3345523471515146780672.000000 341023506124213583872.000000 340213491509984493568.000000 339070632735795052544.000000 15268229120.000000 
0.190022 3377208546693511905280.000000 3377001099635676151808.000000 344236155955272744960.000000 343803493731696377856.000000 341761111300683857920.000000 15323992064.000000 
0.740022 3377198695069327032320.000000 3377008136510093918208.000000 344236191139644833792.000000 343734426809286000640.000000 341856390580300414976.000000 15356888064.000000 
1.190022 3377198976544303742976.000000 3377007292085163786240.000000 344236191139644833792.000000 343740654443145723904.000000 341852309193138110464.000000 15356104704.000000 
1.790022 3377197850644396900352.000000 3377008417985070628864.000000 344236191139644833792.000000 343730802818960850944.000000 341863357085974003712.000000 15357469696.000000 
18446744071.954609 3417421469241279774720.000000 3417221622007815208960.000000 348334501984924073984.000000 347744600802482716672.000000 345774627809229012992.000000 15439606784.000000 
18446744072.504608 3417418373016535957504.000000 3417223592332652183552.000000 348334501984924073984.000000 347725390135322214400.000000 345806540034713583616.000000 15442103296.000000 
