18446744072.064346 -2.733048 9.077090 2.524477 -0.787171 9.379926 2.762871 
18446744072.214348 -2.699762 9.085643 2.529521 -0.786817 9.380246 2.761884 
18446744072.464348 -2.880113 9.028413 2.535512 -0.783945 9.380713 2.761117 
18446744072.614346 -2.851532 9.020299 2.595971 -0.781835 9.381618 2.758636 
18446744072.764347 -2.897032 9.008451 2.586718 -0.781441 9.381544 2.759000 
18446744072.964348 -2.905675 8.992455 2.632281 -0.780761 9.381524 2.759263 
18446744073.264347 -2.757931 9.031398 2.657779 -0.780812 9.381797 2.758322 
18446744073.564346 -2.779413 9.023078 2.663651 -0.780071 9.381489 2.759578 
0.104793 -3.858268 8.675705 2.466175 -0.780061 9.381731 2.758757 
0.404793 -3.955418 8.633912 2.458929 -0.779434 9.382384 2.756710 
0.704793 -4.062433 8.583565 2.460724 -0.778838 9.382315 2.757116 
0.904793 -4.087969 8.572312 2.457659 -0.778770 9.382494 2.756524 
1.204793 -4.158924 8.548528 2.421186 -0.778560 9.382940 2.755065 
1.604793 -4.385067 8.431312 2.433162 -0.775575 9.385247 2.748041 
1.904793 -4.456399 8.400185 2.411124 -0.775345 9.385509 2.747214 
18446744071.569378 0.472072 9.758724 0.883496 -0.609315 9.356646 2.884101 
18446744071.919380 0.095106 9.666364 1.669871 -0.444091 9.313991 3.047697 
18446744072.169380 0.029092 9.623730 1.902389 -0.445939 9.314357 3.046312 
18446744072.469379 0.070024 9.642493 1.803753 -0.447204 9.315921 3.041337 
18446744073.069378 -0.037453 9.593977 2.047023 -0.447696 9.315781 3.041695 
18446744073.469379 -0.077483 9.568604 2.161459 -0.449083 9.316015 3.040772 
0.309826 0.196926 9.648481 1.761853 -0.447047 9.315593 3.042365 
0.309826 0.175262 9.646811 1.773249 -0.447042 9.315501 3.042649 
0.659826 0.166025 9.648325 1.765892 -0.446349 9.315629 3.042358 
1.059826 0.168553 9.654593 1.731044 -0.446046 9.315614 3.042447 
1.259826 0.127424 9.636142 1.834295 -0.446198 9.315504 3.042763 
1.559826 0.127095 9.637483 1.827261 -0.445452 9.315367 3.043291 
1.559826 0.123054 9.640954 1.809134 -0.445511 9.315410 3.043152 
1.859826 0.099123 9.630698 1.864388 -0.445810 9.315475 3.042905 
18446744071.674412 -0.024989 9.257048 3.246930 -0.409264 9.229074 3.300428 
18446744072.024410 -0.018753 9.227585 3.329780 -0.372058 9.150132 3.517494 
18446744072.624413 -0.016630 9.227818 3.329146 -0.372586 9.150569 3.516302 
18446744072.624413 -0.019159 9.228568 3.327052 -0.375155 9.150878 3.515225 
18446744073.224411 -0.018415 9.227850 3.329047 -0.374386 9.150485 3.516330 
18446744073.224411 -0.021036 9.224428 3.338500 -0.373819 9.150225 3.517066 
0.064859 -0.017826 9.225973 3.334248 -0.373374 9.150368 3.516741 
0.364859 -0.113470 9.117487 3.618654 -0.374889 9.150617 3.515933 
0.864859 -0.099617 9.125775 3.598113 -0.375610 9.150700 3.515640 
0.864859 -0.115103 9.120774 3.610310 -0.376287 9.150563 3.515923 
1.414859 -0.116759 9.119640 3.613119 -0.375789 9.150593 3.515898 
1.864859 -0.130471 9.116092 3.621597 -0.376691 9.150865 3.515093 
18446744071.679443 -0.585072 9.297766 3.073328 -0.364866 9.222417 3.324155 
18446744072.529446 -0.514190 9.201993 3.360810 -0.462238 9.261915 3.199902 
18446744072.829445 -0.309627 9.141512 3.545841 -0.458044 9.262871 3.197738 
18446744072.829445 -0.202626 9.127858 3.588489 -0.457921 9.263740 3.195236 
18446744073.279446 -0.237989 9.130342 3.579988 -0.457883 9.263682 3.195409 
0.269892 -1.804718 8.606551 4.348146 -0.461576 9.264596 3.192228 
0.619891 -0.368857 8.837251 4.243001 -0.462129 9.263274 3.195982 
0.919891 -0.227730 9.384466 2.848868 -0.462648 9.263242 3.196001 
0.919891 -1.056285 9.158831 3.352042 -0.464380 9.262946 3.196605 
1.319891 -0.599057 9.210505 3.323224 -0.470024 9.262930 3.195829 
2.019891 -0.493466 9.395046 2.779515 -0.467165 9.265195 3.189675 
18446744071.934479 -0.186640 9.399613 2.801525 -0.354138 9.198855 3.389949 
18446744072.784477 -0.131536 9.423753 2.722441 -0.166251 9.197292 3.408560 
18446744073.234478 -0.143269 9.427811 2.707761 -0.166261 9.198360 3.405677 
0.074924 -0.394437 9.346249 2.954348 -0.165076 9.198253 3.406024 
0.524924 -0.427635 9.331925 2.994730 -0.165332 9.198179 3.406211 
1.024924 -0.534665 9.248150 3.228306 -0.165383 9.198160 3.406260 
1.574924 -0.475800 9.305572 3.068559 -0.165484 9.198153 3.406274 
2.074924 -0.433312 9.308161 3.067000 -0.165104 9.198090 3.406465 
18446744071.789509 -0.176565 9.259936 3.233963 -0.105804 9.195814 3.414954 
18446744072.489510 -0.008159 9.230242 3.322452 -0.001536 9.188391 3.436508 
18446744072.839508 -0.016378 9.229231 3.325228 -0.001671 9.188485 3.436254 
18446744073.289509 -0.027432 9.225443 3.335649 -0.001016 9.188619 3.435898 
0.229957 -0.033609 9.222626 3.343375 -0.001542 9.188574 3.436017 
0.479957 -0.038771 9.221053 3.347653 -0.001295 9.188651 3.435810 
0.829957 -0.055215 9.213840 3.367228 -0.001202 9.188556 3.436066 
1.729957 -0.057093 9.213295 3.368686 -0.000714 9.188664 3.435776 
1.729957 -0.072629 9.205266 3.390267 -0.000000 9.188561 3.436050 
18446744072.144543 0.191195 9.178218 3.458304 0.092784 9.187855 3.436687 
18446744072.144543 0.316483 9.183679 3.434530 0.275152 9.181334 3.444343 
18446744072.794544 0.316842 9.183307 3.435490 0.275091 9.181491 3.443929 
18446744073.344543 0.311750 9.184746 3.432107 0.275370 9.182032 3.442467 
0.234990 0.298730 9.187551 3.425754 0.244937 9.190383 3.422421 
0.784990 0.302189 9.187690 3.425077 0.244314 9.190818 3.421300 
1.934990 0.305555 9.186128 3.428966 0.243932 9.190595 3.421925 
18446744071.699577 0.171492 9.191636 3.423526 0.135714 9.182076 3.450675 
18446744072.349575 0.124687 9.193250 3.421215 0.091670 9.177841 3.463370 
18446744073.249577 0.125836 9.196221 3.413178 0.091358 9.181011 3.454966 
0.190022 0.074653 9.202021 3.399023 0.065220 9.187853 3.437327 
0.740022 0.076622 9.202026 3.398963 0.065491 9.188042 3.436816 
1.190022 0.076522 9.202045 3.398913 0.065454 9.188073 3.436733 
1.790022 0.076802 9.202029 3.398952 0.065478 9.188074 3.436730 
18446744071.954609 0.080877 9.199417 3.405921 0.073791 9.184220 3.446847 
18446744072.504608 0.080975 9.199522 3.405633 0.073342 9.184294 3.446662 
