0.012550 0.031583 0.025429 
0.012800 0.017138 0.028849 
0.013100 0.015417 0.033743 
0.013400 0.036770 0.057382 
0.013750 0.097951 0.107318 
0.014650 0.058906 0.079553 
0.015250 0.090764 0.090040 
0.015550 0.053553 0.046969 
0.015850 0.053109 0.045905 
0.016100 0.050260 0.042132 
0.016400 0.049414 0.044666 
0.017000 0.054900 0.058317 
0.017350 0.052405 0.057254 
0.017650 0.049804 0.057209 
0.018000 0.047239 0.059366 
0.018500 0.057833 0.064848 
0.020600 0.043343 0.038868 
0.022550 0.061635 0.056976 
0.022550 0.009769 -0.000383 
0.023100 0.016777 0.008947 
0.023450 0.023024 0.019847 
0.023850 0.021096 0.023213 
0.024450 0.025662 0.030344 
0.024900 0.015169 0.021324 
0.025300 0.016421 0.020663 
0.025650 0.019259 0.022376 
0.026000 0.021191 0.025242 
0.026350 0.024022 0.033327 
0.026850 0.032547 0.048576 
0.027400 0.036072 0.058050 
0.027850 0.035737 0.067414 
0.029000 0.067832 0.114762 
0.029800 0.071535 0.123317 
0.029800 0.075489 0.126926 
0.030400 0.070752 0.140078 
0.030400 0.069838 0.139369 
0.031750 0.041626 0.104927 
0.034750 0.077064 0.088859 
0.034750 0.077640 0.089511 
0.035600 0.083122 0.090676 
0.037050 0.085524 0.112113 
0.037950 0.075339 0.107640 
0.038650 0.063279 0.090252 
0.039200 0.061345 0.088798 
0.040000 0.064963 0.086313 
0.040800 0.082928 0.103558 
0.041250 0.062702 0.079141 
0.041850 0.059345 0.073062 
0.067350 1.427327 1.472604 
0.067850 1.453900 1.514354 
0.068550 1.485375 1.552306 
0.069150 2.430197 2.574362 
0.069750 2.539875 2.789879 
0.070650 2.339140 2.686557 
0.071350 2.205156 2.710945 
0.071550 2.283869 2.679539 
0.072150 2.408127 2.657620 
0.072700 2.710417 2.976744 
0.073300 2.970525 3.228006 
0.073750 3.087904 3.239921 
0.073750 3.084241 3.235911 
